A=[1 -1 1 -1;1 1 1 1;1 2 4 8;1 3 9 27];b=[6;4;3;-6];x=A\b

x =

     3
     0
     2
    -1

diary off;
