A=[1 -1 1 -1 1 -1 1 6;1 1 1 1 1 1 1 4;1 2 4 8 16 32 64 3;1 3 9 27 81 243 729 -6];
B=rref(A)

B =

     1     0     0     0     6    30   120     3
     0     1     0     0    -5   -19   -70     0
     0     0     1     0    -5   -30  -119     2
     0     0     0     1     5    20    70    -1

diary off
