B(:,8) = B(:,8)- B(:,7)- B(:,6) - B(:,5);
B(:,7)=[];B(:,6)=[]; B(:,5)=[]

B =

     1     0     0     0  -153
     0     1     0     0    94
     0     0     1     0   156
     0     0     0     1   -96

diary off
