chebyshev
n = 6
a(1) =  0.06278172029468
a(2) = -0.09336521351681
a(3) =  0.22702230923301
a(4) =  0.18025940551926
a(5) =  0.05387205387205
a(6) = -0.00000000000000
chebyshev
n = 13
a(1) =  0.05963906009257
a(2) = -0.06136485429509
a(3) =  0.05275725374458
a(4) = -0.04750842653948
a(5) =  0.04884509239445
a(6) = -0.04439530891621
a(7) = -0.11038442682151
a(8) = -0.01761291631395
a(9) =  0.07683484938961
a(10) =  0.09504012818094
a(11) =  0.06949309964432
a(12) =  0.03984434714485
a(13) =  0.02006849549978
