uniform
n = 6
a(1) =  0.05882352941176
a(2) =  0.11138183083884
a(3) =  0.29118878031802
a(4) = -0.27166300204596
a(5) =  0.08489468813936
a(6) = -0.00000000000000
uniform
n = 13
a(1) =  0.05882352941176
a(2) =  0.07123583378305
a(3) =  0.07638113684584
a(4) =  0.08558945508579
a(5) =  0.09542585514789
a(6) =  0.02723926171043
a(7) = -0.34538440497766
a(8) =  0.24338457216589
a(9) =  0.14687975924895
a(10) = -0.39054733673131
a(11) =  0.37696308154066
a(12) = -0.24451659343178
a(13) =  0.12225829671589

