(4.9 - 3.9) -1

ans =

   4.4409e-16

ans - 2^(-51)

ans =

     0

diary off
