(1+(2^(-51)+2^(-52)+2^(-54)))-1

ans =

   6.6613e-16

ans-3*2^(-52)

ans =

     0

diary off
