myPolyEval(1/2,[6,2,3,1],3)

ans =

   3.750000000000000

format;
myPolyEval(1/2,[8,-1,-3,1,-1,1],5)

ans =

    0.5625

myPolyEval(1/2,[4,0,-2,0,0,-2,4],6)

ans =

    2.9375

diary off
