vec = ones(100,1);
vec(1:2:100) = -1;
a = myPolyEval(1.00001, vec ,99)

a =

  -5.0025e-04

b = 1*(1-(-1.00001)^(100))/(1-(-1.00001))

b =

  -5.0025e-04

error = a - b

error =

  -1.7130e-16

diary off
