derivative
T = table(hrt, yr1, yr2, error)

T =

  15×4 <a href="matlab:helpPopup table" style="font-weight:bold">table</a>

     <strong>hrt</strong>            <strong>yr1</strong>                 <strong>yr2</strong>                   <strong>error</strong>        
    <strong>______</strong>    <strong>________________</strong>    <strong>________________</strong>    <strong>_____________________</strong>

       0.1              29.679              29.679      2.1316282072803e-14
      0.01    31.7607990000001           31.760799     7.46069872548105e-14
     0.001    31.9760079989972        31.976007999    -2.76401124210679e-12
    0.0001    31.9976000800004     31.997600079999      1.4033219031262e-12
     1e-05    31.9997600010779       31.9997600008     2.77950107374636e-10
     1e-06    31.9999759970102     31.999976000008    -2.99780111845394e-09
     1e-07     31.999997620602    31.9999976000001     2.06019272752656e-08
     1e-08    31.9999996278852         31.99999976    -1.32114767126268e-07
     1e-09    32.0000026476919        31.999999976     2.67169185974581e-06
     1e-10    32.0000026476919       31.9999999976     2.65009185085319e-06
     1e-11    32.0000026476919      31.99999999976     2.64793185067447e-06
     1e-12    32.0028448186349     31.999999999976      0.00284481865889319
     1e-13    31.9744231092045    31.9999999999976      -0.0255768907931184
     1e-14    31.9744231092045    31.9999999999998      -0.0255768907952749
     1e-15     35.527136788005                  32         3.52713678800501

diary off
derivative
T = table(hrt, yr1, yr2, error1, error2)

T =

  15×5 <a href="matlab:helpPopup table" style="font-weight:bold">table</a>

     <strong>hrt</strong>            <strong>yr1</strong>                 <strong>yr2</strong>                  <strong>error1</strong>                   <strong>error2</strong>        
    <strong>______</strong>    <strong>________________</strong>    <strong>________________</strong>    <strong>_____________________</strong>    <strong>_____________________</strong>

       0.1              29.679              29.679        -2.32099999999998                   -2.321
      0.01    31.7607990000001           31.760799        -0.23920099999992       -0.239200999999994
     0.001    31.9760079989972        31.976007999      -0.0239920010027603      -0.0239920009999963
    0.0001    31.9976000800004     31.997600079999     -0.00239991999959699     -0.00239992000100031
     1e-05    31.9997600010779       31.9997600008    -0.000239998922051399    -0.000239999200001506
     1e-06    31.9999759970102     31.999976000008    -2.40029898002092e-05    -2.39999919990908e-05
     1e-07     31.999997620602    31.9999976000001    -2.37939799418996e-06    -2.39999992146522e-06
     1e-08    31.9999996278852         31.99999976    -3.72114765667675e-07    -2.39999998541407e-07
     1e-09    32.0000026476919        31.999999976     2.64769185776004e-06    -2.40000019857689e-08
     1e-10    32.0000026476919       31.9999999976     2.64769185065461e-06    -2.40000019857689e-09
     1e-11    32.0000026476919      31.99999999976     2.64769185065461e-06    -2.40000019857689e-10
     1e-12    32.0028448186349     31.999999999976      0.00284481863489106    -2.40021336139762e-11
     1e-13    31.9744231092045    31.9999999999976      -0.0255768907955165    -2.39808173319034e-12
     1e-14    31.9744231092045    31.9999999999998      -0.0255768907955165    -2.41584530158434e-13
     1e-15     35.527136788005                  32         3.52713678800498    -2.48689957516035e-14

diary off
