f=@(x,ep) (x-1)*(x-2)*(x-3)*(x-4)-ep*x^6;
fzero(@(x) f(x, 10^(-6)),4)

ans =

   4.000682511531720

fzero(@(x) f(x, 10^(-8)),4)

ans =
    
   4.000006826651132

diary off