L=[1,0,0,0;0,1,0,0;1,2,1,0;0,1,0,1];
U =[1,-1,1,2;0,2,1,0;0,0,1,2;0,0,0,-1];
A= L*U

A =

     1    -1     1     2
     0     2     1     0
     1     3     4     4
     0     2     1    -1

diary off
