x=[-1;0;2;1];
b=A*x

b =

     3
     2
    11
     1

diary off
