eps

ans =

     2.220446049250313e-16

diary off
