FE3_loglog
log2(red_fac1)

ans =

  -0.841391423219877
  -0.914602037851247
  -0.955601752331824
  -0.977351074346422

log2(red_fac2)

ans =

  -1.022029497651785
  -1.010779758256592
  -1.005333131388889
  -1.002652629188419

trap_loglog
log2(red_fac1)

ans =

  -2.011194222139940
  -2.002785465832618
  -2.000695553677057
  -2.000173837648613

log2(red_fac2)

ans =

  -2.000432034317968
  -2.000108363413450
  -2.000027120217569
  -2.000006814943601
