three_point_Gaussian

T

T =

  4×4 table

    nvec         I_3vec               errorvec             reduc_fac    
    ____    ________________    ____________________    ________________

      2     2.54522391036974     4.6465890180869e-05                   0
      4     2.54517884892856    1.40444900109671e-06    33.0847828184467
      8     2.54517747358396    2.91043988909223e-08    48.2555577375198
     16      2.5451774449787    4.99133179232558e-10    58.3098862224943
