T

T =

  4×4 table

    nvec         I_2vec               errorvec             reduc_fac    
    ____    ________________    ____________________    ________________

      2     2.54658880527456     0.00141136079499438                   0
      4     2.54529878064998    0.000121336170421316    11.6318224820654
      8     2.54518601309424    8.56861468268022e-06    14.1605352690877
     16     2.54517800029212    5.55812556868318e-07    15.4163747774239
