a-pi;
{Undefined function or variable 'a'.
} 
a=pi

a =

    3.1416

format long;
a

a =

   3.141592653589793

format
a

a =

    3.1416

%%  google command
x=[3;pi;-1]

x =

    3.0000
    3.1416
   -1.0000

size(x)

ans =

     3     1

A=[1,2,3;4,5,6;7,8,9]

A =

     1     2     3
     4     5     6
     7     8     9

rref(A)

ans =

     1     0    -1
     0     1     2
     0     0     0

%% reduction format
A=(1,2)
 A=(1,2)
     
{Error: Invalid expression. When calling a function or indexing a variable, use parentheses. Otherwise, check for mismatched delimiters.
} 
A(1,2)

ans =

     2

A(:,2)

ans =

     2
     5
     8

A(1,:)

ans =

     1     2     3

A([1,3],1:2)

ans =

     1     2
     7     8

%% row 1 and 3, column 1 and 2
A^3

ans =

         468         576         684
        1062        1305        1548
        1656        2034        2412

A.^3

ans =

     1     8    27
    64   125   216
   343   512   729

%% ^3 power the matrx .^3 power everu emtry
A'

ans =

     1     4     7
     2     5     8
     3     6     9

det(A)

ans =

  -9.5162e-16

%% singular matrix
rank(A)

ans =

     2

B=rand(3,3)

B =

    0.8147    0.9134    0.2785
    0.9058    0.6324    0.5469
    0.1270    0.0975    0.9575

x=rand(3,1)

x =

    0.9649
    0.1576
    0.9706

b-B*x
{Undefined function or variable 'b'.
} 
b=B*x

b =

    1.2004
    1.5045
    1.0673

xc=B\b

xc =

    0.9649
    0.1576
    0.9706

xc-x

ans =

   1.0e-15 *

    0.5551
   -0.5551
         0

A

A =

     1     2     3
     4     5     6
     7     8     9

y=A*x

y =

    4.1919
   10.4712
   16.7505

xb=A\y
[Warning: Matrix is close to singular or badly scaled. Results may be inaccurate. RCOND =  2.202823e-18.] 
[] 

xb =

   10.9129
  -19.7383
   10.9186

x

x =

    0.9649
    0.1576
    0.9706

cond(A)

ans =

   5.0523e+16

cpnd(B)
{Undefined function or variable 'cpnd'.
} 
cond(B)

ans =

   10.0090

diary off;
