a=exp(1)

a =

    2.7183

myFun=@(x) exp(x)+3

myFun =

  <a href="matlab:helpPopup function_handle" style="font-weight:bold">function_handle</a> with value:

    @(x)exp(x)+3

myFun(1)

ans =

    5.7183

myFun1=@(x,y) x^2+y^2

myFun1 =

  <a href="matlab:helpPopup function_handle" style="font-weight:bold">function_handle</a> with value:

    @(x,y)x^2+y^2

myFun1(1,2)

ans =

     5

myDiff = @(f,x,h) (f(x+h)-f(x-h))/(2*h)

myDiff =

  <a href="matlab:helpPopup function_handle" style="font-weight:bold">function_handle</a> with value:

    @(f,x,h)(f(x+h)-f(x-h))/(2*h)

myDiff(myFun,0,0.01)

ans =

    1.0000

format long
myDiff(myFun,0,0.01)

ans =

   1.000016666750003

[s,S]=myPartialSum(10^3);

S =

     1


S =

   1.500000000000000


S =

   1.833333333333333


S =

   2.083333333333333


S =

   2.283333333333333


S =

   2.450000000000000


S =

   2.592857142857143


S =

   2.717857142857143


S =

   2.828968253968254


S =

   2.928968253968254


S =

   3.019877344877345


S =

   3.103210678210678


S =

   3.180133755133755


S =

   3.251562326562327


S =

   3.318228993228994


S =

   3.380728993228994


S =

   3.439552522640758


S =

   3.495108078196314


S =

   3.547739657143682


S =

   3.597739657143682


S =

   3.645358704762729


S =

   3.690813250217275


S =

   3.734291511086840


S =

   3.775958177753507


S =

   3.815958177753507


S =

   3.854419716215045


S =

   3.891456753252082


S =

   3.927171038966368


S =

   3.961653797587057


S =

   3.994987130920391


S =

   4.027245195436520


S =

   4.058495195436520


S =

   4.088798225739550


S =

   4.118209990445433


S =

   4.146781419016861


S =

   4.174559196794639


S =

   4.201586223821666


S =

   4.227902013295350


S =

   4.253543038936376


S =

   4.278543038936376


S =

   4.302933282838815


S =

   4.326742806648339


S =

   4.349998620601827


S =

   4.372725893329100


S =

   4.394948115551322


S =

   4.416687245986104


S =

   4.437963841730785


S =

   4.458797175064118


S =

   4.479205338329423


S =

   4.499205338329423


S =

   4.518813181466678


S =

   4.538043950697447


S =

   4.556911875225749


S =

   4.575430393744267


S =

   4.593612211926086


S =

   4.611469354783229


S =

   4.629013214432351


S =

   4.646254593742697


S =

   4.663203746285070


S =

   4.679870412951736


S =

   4.696263855574687


S =

   4.712392887832752


S =

   4.728265903705767


S =

   4.743890903705767


S =

   4.759275519090383


S =

   4.774427034241898


S =

   4.789352407376227


S =

   4.804058289729168


S =

   4.818551043352357


S =

   4.832836757638071


S =

   4.846921264680325


S =

   4.860810153569214


S =

   4.874508783706200


S =

   4.888022297219713


S =

   4.901355630553047


S =

   4.914513525289889


S =

   4.927500538276902


S =

   4.940321051097415


S =

   4.952979278945516


S =

   4.965479278945517


S =

   4.977824957957862


S =

   4.990020079909081


S =

   5.002068272680166


S =

   5.013973034584928


S =

   5.025737740467281


S =

   5.037365647444025


S =

   5.048859900317588


S =

   5.060223536681224


S =

   5.071459491737405


S =

   5.082570602848516


S =

   5.093559613837527


S =

   5.104429179054918


S =

   5.115181867226961


S =

   5.125820165099301


S =

   5.136346480888775


S =

   5.146763147555442


S =

   5.157072425905957


S =

   5.167276507538610


S =

   5.177377517639621


S =

   5.187377517639621


S =

   5.197278507738631


S =

   5.207082429307258


S =

   5.216791167171336


S =

   5.226406551786721


S =

   5.235930361310531


S =

   5.245364323574681


S =

   5.254710117967204


S =

   5.263969377226464


S =

   5.273143689153069


S =

   5.282234598243978


S =

   5.291243607252987


S =

   5.300172178681558


S =

   5.309021736203682


S =

   5.317793666028244


S =

   5.326489318202158


S =

   5.335110007857330


S =

   5.343657016404339


S =

   5.352131592675526


S =

   5.360534954020063


S =

   5.368868287353397


S =

   5.377132750163314


S =

   5.385329471474789


S =

   5.393459552775602


S =

   5.401524068904634


S =

   5.409524068904634


S =

   5.417460576841142


S =

   5.425334592589174


S =

   5.433147092589174


S =

   5.440899030573670


S =

   5.448591338265977


S =

   5.456224926052237


S =

   5.463800683627995


S =

   5.471319480620476


S =

   5.478782167187640


S =

   5.486189574595048


S =

   5.493542515771519


S =

   5.500841785844512


S =

   5.508088162656105


S =

   5.515282407260422


S =

   5.522425264403279


S =

   5.529517462984839


S =

   5.536559716505966


S =

   5.543552723498973


S =

   5.550497167943417


S =

   5.557393719667555


S =

   5.564243034736048


S =

   5.571045755824484


S =

   5.577802512581241


S =

   5.584513921977214


S =

   5.591180588643881


S =

   5.597803105200172


S =

   5.604382052568593


S =

   5.610918000281012


S =

   5.617411506774518


S =

   5.623863119677744


S =

   5.630273376088001


S =

   5.636642802839593


S =

   5.642971916763644


S =

   5.649261224939744


S =

   5.655511224939744


S =

   5.661722405063967


S =

   5.667895244570140


S =

   5.674030213895294


S =

   5.680127774870903


S =

   5.686188380931509


S =

   5.692212477317051


S =

   5.698200501269147


S =

   5.704152882221528


S =

   5.710070041984842


S =

   5.715952394926019


S =

   5.721800348142393


S =

   5.727614301630765


S =

   5.733394648451574


S =

   5.739141774888355


S =

   5.744856060602641


S =

   5.750537878784459


S =

   5.756187596298584


S =

   5.761805573826673


S =

   5.767392166005444


S =

   5.772947721561000


S =

   5.778472583439453


S =

   5.783967088933959


S =

   5.789431569808276


S =

   5.794866352416971


S =

   5.800271757822377


S =

   5.805648101908399


S =

   5.810995695491286


S =

   5.816314844427456


S =

   5.821605849718462


S =

   5.826869007613198


S =

   5.832104609707439


S =

   5.837312943040772


S =

   5.842494290191032


S =

   5.847648929366289


S =

   5.852777134494494


S =

   5.857879175310821


S =

   5.862955317442800


S =

   5.868005822493306


S =

   5.873030948121446


S =

   5.878030948121446


S =

   5.883006072499556


S =

   5.887956567549060


S =

   5.892882675923445


S =

   5.897784636707758


S =

   5.902662685488246


S =

   5.907517054420285


S =

   5.912347972294681


S =

   5.917155664602373


S =

   5.921940353597589


S =

   5.926702258359493


S =

   5.931441594852385


S =

   5.936158575984460


S =

   5.940853411665211


S =

   5.945526308861472


S =

   5.950177471652170


S =

   5.954807101281800


S =

   5.959415396212675


S =

   5.964002552175978


S =

   5.968568762221640


